0
0.013635661
-0.03473204
-0.030191045
0.021957729
-0.0007027383
0.03607477
-0.027222907
0.023037948
-0.023330178
-0.016521849
0.023801284
0.017203318
-0.012809983
0.020786447
0.044240505
0.03663433
-0.02648045
-0.0022671144
-0.025141265
-0.009906695
-0.009455698
0.0223807
-0.0037586899
0.0014578514
-0.015190583
0.039550763
0.016658526
-0.03578616
-0.0035050884
0.0076285885
-0.0373652
0.016516289
0.0324912
-0.0010412199
-0.011051641
-0.02833947
-0.02433861
-0.018201586
0.012287479
-0.037457224
0.019966604
0.013831615
0.0070234556
-0.025309678
0.019466735
0.01827278
-0.0021302507
-0.004594187
0.00038149307
0.0071803173
-0.0009132267
0.0080357455
0.0032804215
0.008398836
0.0022671705
0.0064460225
0.024967404
-0.010987827
-0.026312836
0.013378982
-0.014927418
-0.041998643
0.023451628
-0.009277079
0.0010362302
0.02474488
-0.016910508
0.06109749
0.001904411
-0.0048768916
0.0053100022
0.026593521
-0.016223053
-0.035540007
0.02426317
-0.002576618
-0.016959334
0.003868732
0.031185973
-0.017175922
0.023739036
-0.0029173398
-0.028010502
0.01422089
0.0076104756
-0.0121467
0.044927508
-0.024960075
-0.011518712
-0.014687171
-0.012266078
0.020123852
-8.065211e-05
0.008826194
-0.00648116
-0.011229264
-0.007177459
0.012723163
-0.009018195
0.000164732
0.034868382
-0.007424987
0.0082275085
0.0027282771
0.0128901815
0.03451365
-0.005260871
-0.031169312
0.021405688
-0.015834898
0.005114903
0.019843318
-0.016512396
-0.018672058
0.030188821
-0.014936461
-0.032417182
-0.0045175147
0.0050065056
0.022021975
-0.0127211185
0.021986406
0.016065521
0.0057951715
-0.0267662
-0.03848489
-0.0059044347
0.028513467
-0.016453678
-0.0017852702
0.013566417
0.0007373974
0.008376813
0.0133337425
0.019485548
0.031035328
0.012559371
0.032925595
0.007282901
0.031068988
-0.029567102
-0.011349899
-0.027200703
0.019452833
-0.03465345
-0.04766347
-0.0107967
-0.0044663106
-0.018770343
-0.0013774977
0.024834467
-0.04366889
-0.02315072
-0.0077917194
0.009335076
-0.043765236
-0.00663786
0.0012897358
0.0075075496
-0.007872892
0.047109213
0.016504353
0.023671301
-0.010208808
0.01921486
0.023761945
0.020177014
0.012572794
0.02676152
0.03402995
-0.036504548
0.010121152
0.006577223
0.006495128
-0.013356921
-0.013475852
-0.0443622
-0.041145477
-0.0150153125
0.020019956
-0.018629288
-0.0022790257
-0.017852621
0.015218712
-0.026162645
-0.01626069
0.035989236
-0.001664693
-0.023556722
-0.009564589
0.0006509647
-0.0074649076
-0.0004735285
0.0037793336
-0.020577265
-0.023148816
0.024868205
-0.013220025
0.010888835
-0.011448513
0.012449606
-0.0148722725
-0.025997689
-0.04357135
0.013370971
-0.026120562
-0.033809066
-0.008946688
-0.02414324
0.034711823
0.0039646747
-0.010157712
0.005012632
-0.0004958352
-0.0065117977
0.024849351
0.005778069
0.0070511503
-0.016213063
-0.01274624
0.025229724
-0.011554451
-0.01293226
-0.026341872
-0.0042043575
-0.03279737
0.015535126
0.041379586
-0.021856537
-0.014439084
0.024383243
0.025265424
0.0061387927
0.005716132
0.009601189
-0.037818793
0.028454658
0.0009788865
-0.037346024
-0.0092532905
0.0015309554
0.020764913
-0.006005373
0.0024687352
-0.024659319
0.004597519
0.028735833
-0.02357926
-0.028872546
-0.006601674
-0.025512848
0.026062947
-0.0012676638
0.010265556
-0.012034755
0.056496166
0.012513313
0.010769626
0.0053184433
-0.013417129
0.029847894
0.0028184787
0.048772227
0.0004384687
0.0044201934
0.012233928
0.048570167
-0.005535952
4.328906e-06
0.012224122
-0.034418445
-0.0034518812
0.020592712
-0.025865462
0.005880287
0.017174063
0.011074933
0.022024853
-0.0049825213
0.0074756374
-0.010421544
0.004841598
0.030508038
-0.03274089
-0.017500818
-0.016311325
0.00466085
-0.0017010737
-0.0058177877
0.0150151905
-0.021029783
-0.0063304794
-0.02785483
-0.008871553
-0.0022510218
0.036033254
-0.0064174356
-0.043270778
-0.023171604
0.00397137
-8.1516286e-05
-0.016145863
0.005934917
-0.003616863
0.013076917
-0.03187626
6.8281326e-05
-0.040327266
0.02825271
-0.04082143
0.02675049
-0.014120655
-0.010831657
-0.008158966
-0.00027878984
-0.013144291
-0.038294032
0.03864356
0.018175589
0.01974533
-0.0025521135
-0.028652636
0.044860166
-0.0059517818
0.038657777
0.0047538425
0.0041075675
-0.01508576
0.009926285
0.036129847
0.046502177
0.011250927
-0.019916676
-0.03609843
0.053569045
-0.034814343
0.011061365
-0.021968644
0.0046908627
0.032123674
-0.01328414
0.010892831
0.026190907
-0.0085261
-0.021738276
0.014712067
-0.01843981
-0.0048567723
0.01538789
-0.030131985
-0.010752935
0.009572673
0.019395273
0.011498513
0.016039621
0.026462017
-0.024423948
0.009521791
-0.024857473
-0.035229065
0.030871306
0.023943448
-0.014953224
-0.022998353
-0.010248244
-0.003994707
-0.01443061
-0.055855047
0.018772105
-0.0022324002
-0.014861288
0.025840651
0.04375856
-0.0011745603
0.010913723
0.00038590434
0.0071573355
0.008345935
-0.00884771
-0.024134979
-0.03695238
0.018591668
0.02932242
-0.0002005519
0.009978878
-0.0006700258
0.020814093
-0.011395866
-0.039761573
-0.0043179807
-0.019532247
0.01914973
0.027400471
0.017244847
0.0022371465
0.030472845
-0.01372705
0.013537686
0.009245437
-0.019314695
-0.007859806
-0.01680837
0.0012263661
-0.03827603
0.016140852
-0.013988929
-0.00438531
-0.014532392
0.004377238
0.015598576
-0.01850313
-0.02983101
0.00653031
-0.010026341
-0.017518556
-0.010636607
0.018583529
0.005387976
0.018769069
-0.030333964
-0.014235037
0.009684812
0.031913463
-0.024491966
0.011560087
-0.04722683
0.020668099
0.027443955
-0.03138331
0.026813284
-0.03479711
0.038715553
0.0045020212
-0.032333754
0.015796065
0.05861495
0.0031509358
-0.011110703
-0.036144048
0.019378241
0.009124253
0.012163669
0.036474213
-0.0053092977
0.019834159
0.016058072
0.02799297
-0.022434521
-0.010826696
-0.0038498822
0.032347728
-0.036965538
0.004513203
0.008585817
-0.0232674
0.035115853
0.02723306
-0.014014703
0.012045325
-0.0036221903
-0.0007044325
-0.0026270216
0.021304544
-0.033739593
0.00044412824
-0.034864165
-0.03367796
-0.008620708
0.012440641
-0.04624219
-0.0098307775
-0.021988824
0.049253754
0.01965476
0.0041720397
0.044493157
0.021214716
0.007349555
-0.027012466
-0.0025868118
-0.0115155
-0.0018227678
-0.0032825153
-0.026889754
-0.011433052
0.0289208
0.010195266
0.00065399153
0.007389546
0.02053581
0.02102686
-0.011609269
0.005221098
0.0028382137
0.03569782
-0.02356438
-0.019436533
-0.0059066378
-0.041900586
0.015920151
-0.02515451
0.023962671
-0.0039578327
-0.071212314
0.014747113
-0.005394917
0.009126026
0.012571204
0.016515722
-0.024148554
-0.018092185
-0.010512079
0.022634272
0.039452
0.0016337626
0.003732233
-0.029833421
0.013654785
-0.03722606
0.008612113
-0.0023148616
0.008746737
0.020004788
-0.009140921
0.015097968
-0.039557233
-0.0043408754
0.010840492
-0.011564836
0.020741198
-0.017664095
0.0054915096
-0.01766033
0.033427037
-0.010364747
0.03695469
-0.01534567
-0.023076292
-0.009245534
-0.06366089
-0.0128621515
-0.0040277042
0.020389417
-0.020985855
0.00893571
0.0008805146
0.0015818336
-0.033137612
-0.007128131
0.0023327663
0.0069133467
-0.017723156
0.00471801
0.0042514415
-0.027149612
0.0075632846
-0.00046428264
0.046350434
-0.023387386
0.0121005755
-0.031032553
0.02882738
-0.0065335473
-0.044976864
0.0046201944
0.008660051
0.0022494686
0.022611327
0.0017912583
0.0040947474
0.0072662565
-0.014865996
0.026828691
0.013049474
-0.028533984
-0.02409658
-0.007390019
0.011426264
0.02009198
-0.025414106
-0.020074418
-0.04610052
0.014229629
-0.023645291
-0.015375526
0.0028263004
0.015515224
0.031829078
0.0073608984
0.0039828666
0.013965008
-0.026523503
-0.009564879
-0.025747862
-0.008614028
-0.0118734315
-0.024090985
-0.042851835
-0.019536141
0.0070641525
0.004932426
0.057857376
-0.02055713
-0.0046599405
0.02990774
0.01865571
0.016552921
0.026752265
0.02944802
-0.006624362
0.011551389
0.007477625
-0.04297527
-0.021317698
-0.011298206
-0.0036113614
0.01904455
-0.014972786
0.023434589
-0.009183157
0.03954643
-0.008130717
-0.035119403
0.07421583
-0.029953178
-0.062961064
-0.010633172
-0.0068234033
-0.03047224
0.015547233
-0.0037135947
0.0068281423
-0.015407411
0.009809376
0.0075473366
-0.0037044361
0.014092452
-0.01942992
0.004339334
-0.00092805264
-0.003839288
-0.015156872
0.04761709
0.0021860108
0.0038765904
0.018003816
-0.02678422
0.04285707
0.008039713
-0.00842043
0.05604654
-0.006008154
0.016264878
0.01724073
0.034365114
-0.0071508507
0.0031316632
-0.005072904
0.012350292
-0.010109081
-0.0019104085
-0.004811028
0.042399663
-0.024832085
-0.000759151
-0.006728792
-0.027878243
-0.0027911637
-0.011409147
0.008234823
0.003045196
-0.025451787
-0.020464944
-0.005934774
0.020397108
-0.017358378
-0.009433063
-0.016815802
-0.0037534046
0.018978747
0.028968753
-0.0083592115
-0.013607676
-0.006052183
0.0054462394
-0.007655878
-0.020886373
-0.012675775
0.010093354
0.01291653
0.01903853
0.014706324
-0.013357008
-0.019841507
0.04473031
0.011539519
0.0040889815
0.023732493
-0.040096525
-0.009884764
0.011107375
-0.022191113
0.020680862
0.0076360055
-0.017594751
-0.014419795
-0.02349343
0.019716825
0.023323923
-0.012803042
0.015443278
0.0029158804
0.016450822
0.0010615384
0.04009872
0.0109408805
-0.015464969
0.007820665
-0.0032786613
0.017160304
-0.0108269565
0.027657
0.015162282
-0.0048024184
0.010366296
0.031481322
-0.010393762
-0.014043457
0.01094704
0.0056342813
0.023591481
0.02475269
-0.013680576
0.023383878
0.0029953523
-0.028635552
0.019667352
-0.013872668
-0.0042303284
0.021787291
0.015433727
-0.05749786
-0.014604591
0.027978707
0.04332296
-0.045293804
0.010503449
0.040318932
0.024797592
-0.03926817
0.0073172646
-0.0062353974
-0.0009695876
0.028623993
0.014769375
-0.010644461
-0.004331548
0.008154654
0.012039951
-0.0075705755
0.02039382
0.017538305
0.049390454
-0.007025896
-0.02672423
0.031055067
0.027447356
0.02555575
-0.011517698
-0.017898865
-0.036966514
0.014392455
0.0076504666
-0.014802066
0.0027740446
-0.006843893
0.046309926
-0.012443937
-0.014218368
0.024633583
0.025308207
0.036431693
0.014739813
-0.01741988
0.010138986
0.010895286
0.026288059
-0.030886889
-0.012815858
-0.012056358
0.003070532
-0.0052845376
0.002915558
-0.013540441
-0.027646784
0.022079445
-0.011838344
-0.024716504
0.017696066
0.015458097
0.029992754
-0.019154431
-0.021893164
0.035328977
-0.03796804
0.014850619
0.017494272
-0.02460592
0.0367037
0.0025357928
0.022716284
-0.0050210855
-0.009944873
-0.012955276
-0.022722889
-0.02885084
-0.042117417
0.017373404
-0.041119486
0.04831917
-0.0058190245
0.023754826
0.038370017
0.022548083
-0.005224867
-0.018727027
-0.0005931468
-0.021201117
-0.008364384
-0.009109554
0.002405164
-0.0070416285
-0.01967721
-0.028225483
0.015943136
0.033880617
0.013903857
-0.00055647065
0.014741744
0.0452876
-0.0024827216
-0.012533724
0.001748614
0.04392323
0.0052862526
-0.0016625187
-0.0071705147
-0.061340705
0.0035710125
0.006477105
-0.0070926123
0.0058837226
0.0025894663
-0.007113668
0.034764744
-0.019747976
0.02088723
-0.0065493872
-0.043129973
0.00042705316
-0.02457353
0.018280718
0.022094058
-0.03490878
0.042299967
0.041650776
0.014134449
0.025149291
0.04416099
-0.031829864
-0.023921795
0.0071515786
-0.016666252
-0.007997338
0.03498195
0.018006098
0.019735072
-0.0005638161
0.0024531942
-0.025445633
-0.016428163
0.00949373
-0.036166035
-0.0062136133
-0.011437835
-0.0077502285
-0.0036340873
-0.03039061
-0.031307667
0.0077308137
0.021234712
-0.014784439
-0.031114649
0.037364345
0.011784583
0.005850637
-0.008702157
0.017352832
0.033232488
0.023179416
-0.026360044
-0.0009936675
0.010220039
-0.003424354
0.045494102
-0.010897701
-0.0016231448
-0.058216307
0.00030180177
-0.056021832
0.0227776
0.037358344
0.011761887
0.001988914
0.039066944
0.01844195
0.024064895
0.024855444
-0.03338608
0.01732153
0.008653285
-0.00716541
0.027900895
0.026049055
-0.020872425
-0.02388755
-0.03335936
-0.0011314912
0.03393557
0.016716613
-0.0030870026
0.0021068281
0.004166196
0.0056863287
-0.022261318
-0.024322137
-0.0036479083
-0.0031686972
0.020686671
-0.0093879895
0.006817238
-0.01511457
0.01090243
-0.009222551
-0.007976935
-0.013806834
0.0023375605
0.005979053
0.010251397
-0.0012161371
0.0021958018
-0.008344519
0.0022025597
0.032998767
0.0028718538
0.0028441455
0.037592337
0.020766513
-0.0077853743
0.005313952
0.021592535
0.019945871
-0.036934417
0.0003621184
-0.015145606
-0.010490507
-0.04215702
-0.010740595
0.009252051
-0.02166664
0.0088310605
0.03335181
-0.006592254
0.048532587
0.03421601
-0.0026682871
-0.0448067
-0.01053311
0.02182861
-0.006634894
0.02064695
0.034210548
0.04265535
-0.02582325
0.017636834
0.001533139
0.017921248
-0.02148432
0.018637985
-0.0020457276
0.025929753
-0.036748458
-0.030287446
0.021520093
0.001919193
0.0009822304
0.01559361
0.0038035666
-0.0037977607
-0.042812645
0.0071217865
0.0013328968
-0.036046643
0.032857105
0.015615623
0.040526737
-0.04164377
0.0017733199
-0.008948816
-0.024086177
0.04388494
-0.008365418
-0.064299665
0.01024185
0.00818645
0.002123569
-0.018126491
-0.011645962
-0.010836919
-0.046653327
0.007474643
-0.013363336
0.02068925
-0.0024146314
-0.035548013
-0.04109486
-0.020563956
0.0070582144
-0.007843342
-0.021413004
0.011182276
-0.03395993
0.038543064
0.041734144
0.010381933
0.010453152
0.017232835
0.017211715
0.008355219
-0.005566555
-0.022977477
0.016917188
-0.013694943
-0.032107346
0.01419079
0.0039421995
0.036977302
0.0116768675
-0.009786547
-0.020281605
0.0017584228
-0.00020601011
-0.018575171
-0.0034557236
0.01754873
0.004536552
-0.030783921
-0.014502335
-0.02268806
-0.015956344
0.01848587
-0.0038562156
-0.0043418487
-0.012572783
-0.00048154977
0.0112958
-0.00089360046
-0.008470577
-0.011487446
-0.016213458
-0.005101484
0.007221275
-0.017003654
0.0049086376
-0.008321152
-0.04482148
0.016102359
0.013172451
-0.0037308005
-0.0101766875
0.0019702998
-0.04006957
0.013396726
0.01855572
0.035079535
0.008322176
0.00701483
0.006785853
-0.019463994
0.0021730193
0.014602312
0.015094768
-0.021729449
-0.0074795536
-0.0058008283
0.02707736
0.044009596
0.019886155
-0.01673368
-0.010826492
0.028338674
-0.016029818
0.03503838
-0.016103372
0.007187435
0.062197085
-0.021924295
-0.0020596005
-0.033496585
-0.0154577
0.008140874
0.009142193
0.03862085
0.051393893
0.024505725
0.014388375
0.00608342
-0.0063403347
0.02939293
-0.009771361
0.009185577
0.02617201
0.026302671
-0.0290772
0.033607733
-0.0049502733
0.023136757
0.0011717149
-0.0053098835
0.014954679
-0.023874592
-0.026759477
-0.0019247002
-0.0027056385
0.030118871
0.0015951396
0.015204592
0.001697595
-0.0056506926
0.007744489
0.014759604
-0.013933858
0.0040260814
0.026865073
0.03221628
-0.014602903
-0.00044243856
0.004477051
0.0048588705
0.008810136
0.013023214
0.0059454236
-0.006406432
-0.0040424108
0.00894797
0.001520869
-0.0013055505
0.018156832
-0.007791409
0.005754354
0.001687014
-0.00034784258
0.030885777
0.0008499517
0.023379028
0.013204213
-0.025452925
-0.0056650825
-0.006576085
-0.015804444
0.008954037
0.016098453
0.036860544
0.0033592468
0.015155978
-0.0028598541
-0.018725313
0.025581092
-0.013339513
-0.02025841
0.047983907
-0.0032544013
-0.026326554
-0.0015193677
0.02487189
-0.058520675
-0.025093133
0.004639423
0.021222545
-0.002639514
-0.005058105
-0.044851378
0.019359343
0.06562789
-0.04294837
0.020960346
0.02579854
-0.0064021777
-0.0015964458
0.0062626186
-0.010358877
-0.00742709
0.02300403
0.04616644
-0.0142925875
0.024247473
-0.010912043
0.012072094
-0.017155193
0.009195478
-0.026466297
0.004834321
0.0041434555
0.024979953
-0.020039186
0.014597832
0.053841136
0.016027303
-0.0019441706
0.011231
0.0068420824
-0.0032472129
-0.008296386
0.00036979903
0.025649428
-0.04032715
-0.014208353
0.026261944
0.030878186
-0.010038394
0.014370207
0.0125239035
0.029467687
0.01941949
0.00342347
0.030916108
-0.04497291
0.0076734647
0.041950416
0.0015501
-0.028653976
-0.02513227
0.010027396
0.0041571343
-0.028368315
-0.037158668
-0.005172687
0.0076875165
0.008198723
-0.0034797504
0.027340123
0.024569549
-0.014165058
0.00027240335
0.03505913
0.018108657
-0.032069284
0.0010119542
-0.008465828
0.0063601825
-0.025744563
-0.03302584
-0.04314923
0.0034678674
0.008895736
0.011538128
-0.023973005
-0.02491816
0.014591531
0.027816216
0.03529109
0.021665739
-0.010207955
0.027222615
0.031274185
-0.019210747
-0.01861366
0.0033805873
0.004845018
-0.029023197
-0.01565531
0.01738349
-0.011064756
-0.038286697
-0.0027827676
0.00022909556
0.021048844
0.013395744
0.016171684
-0.0008016445
-0.030530568
0.018810082
0.0077217855
-0.032054868
-0.006415942
0.023285637
-0.029162204
0.02065951
-0.021128638
-0.0019858268
0.010805115
-0.011783657
0.06582721
0.017567009
-0.050216567
-0.0394227
-0.011251807
0.023399977
-0.008646592
-0.028064242
-0.0068385783
0.033977218
-0.0076926113
-0.00940186
0.009079724
-0.002464463
-0.011931579
0.010961316
-0.029824452
0.0021244665
0.003065693
0.005348287
0.012672503
-0.005801221
-0.01443498
-0.027379515
0.009438198
0.016781854
-0.0031276662
0.018776445
0.0003334421
-0.031269707
0.006624398
-0.042132955
0.035844974
-0.0105360225
-0.012797011
-0.01902366
0.05964031
-0.008013356
0.006588585
0.022651155
-0.028423999
-0.005065749
0.03166173
0.023035664
-0.0499803
0.007661968
-0.015596082
-0.017388182
-0.030578649
-0.012588515
0.00798138
-0.0131613845
0.025814008
-0.0074005956
0.007030085
0.019923754
-0.068303935
-0.003986841
0.02053524
0.01812467
-0.018172285
0.012729395
-0.017729525
0.055211134
-0.0120289875
0.009723243
-0.01065055
0.01577398
-0.024711836
0.004159904
0.033268783
0.028027669
-0.007225481
0.0052632927
-0.0017951459
-0.034470405
0.030452328
0.044532742
-0.013482363
0.023026971
0.013717952
-0.003331454
0.01518218
-0.015944283
-0.010565558
0.0044060447
-0.0104229245
0.0055704326
-0.00093804137
0.0047825766
0.024757283
0.010886819
0.0061518936
0.010454689
0.016256273
-0.024086919
0.018735873
0.05405355
-0.016454823
0.0022268868
-0.006335727
-0.040107112
-0.03860043
0.006957661
0.07116949
0.016051112
0.003927792
-0.042143874
-0.025724456
-0.04332897
0.008366713
0.008446206
0.0031593228
-0.000654009
0.030647045
0.0033502588
0.012455018
-0.018542202
0.022663562
0.027192507
-0.007042351
0.000586258
-0.02167027
-0.03818902
0.0075332397
-0.054084823
-0.03351468
-0.012502446
-0.011413212
0.017105503
-0.005395276
0.01233093
0.0051507293
0.031257227
0.012409094
-0.028487049
0.035352163
0.03189247
0.0004464146
0.03020147
0.037899323
-0.015623188
-0.031942144
0.0275258
0.0025405076
-0.015725339
0.027332561
-0.030164836
-0.00954631
0.02863392
-0.021956194
0.0007278122
0.01120624
-0.009675412
-0.010256526
0.020805944
0.0013742826
-0.017322117
0.031497765
0.0066752066
-0.022254543
-0.014150736
0.018947756
-0.008217173
-0.009998998
0.030800665
-0.011284604
0.0012664787
0.0020818464
-0.0016055307
-0.016876088
0.0013217852
0.021528315
-0.024287151
0.019206816
-0.022101356
0.0054898798
-0.05073924
0.010173771
-0.0036779172
-0.008642135
0.04495756
-0.043361902
0.015431144
0.03539911
0.04152394
0.034211054
0.018501395
0.04336093
-0.0034447392
0.005584979
0.014882909
-0.014759874
-0.03271797
0.023844505
0.023314651
-5.007201e-05
-0.0046838676
-0.027418636
-0.039048538
-0.017282905
0.013402507
-0.009990975
0.0054507405
0.002937166
-0.004483656
0.0025509144
0.024983687
-0.026038894
-0.017898656
-0.05006512
-0.008421704
-0.045098487
-0.012436226
0.030461885
0.005316936
0.033953123
0.008034493
0.0022327043
-0.01170452
0.0022997751
0.0266783
-0.022014193
0.0081050955
-0.0036135681
0.004090976
0.0021822806
-0.03253861
0.013893546
-0.011492485
-0.027949382
0.0089437645
-0.028502148
0.020170065
-0.022127707
-0.02974446
0.018063344
0.0023984057
-0.007851051
0.012093004
0.018570427
0.006865733
0.020000776
0.07338685
-0.015269885
0.03727045
0.0074856463
-0.0011098678
0.0006093375
-0.011626059
-0.05277983
-0.030370025
0.021223595
-0.02383194
-0.017610442
-0.048857853
-0.009783154
0.028866842
-0.022325082
0.008130806
-0.0066233133
0.010439442
-0.008062354
-0.01129047
0.04683307
-0.015131105
0.001462191
0.003324316
-0.06260915
-0.020071901
0.0106381215
0.018330025
-0.0062841717
0.043542463
-0.006487576
0.004031615
-0.023633348
0.006787301
-0.009944433
-0.03538706
0.0334853
0.00049577636
0.013591774
0.0046179784
-0.006986273
0.009687075
-0.028350674
0.021506365
0.00059272966
-0.01610022
-0.008500449
-0.021501172
-0.02373983
0.0131011885
-0.019111663
-0.00072646246
0.016036624
0.004721244
-0.004653008
0.008560378
-0.0021813374
0.0018324391
0.032153565
-0.020183174
-0.012979643
0.0061617536
0.041839268
-0.033947743
-0.013119178
-0.0067151994
-0.009734889
-0.0010352796
0.02613012
0.019724453
0.01787856
0.030869765
0.0016715719
-0.0120647885
0.005452821
-0.01541575
0.021888845
-0.037257273
-0.006244574
0.01848666
0.013372875
-0.0051361755
0.016058568
-0.0021723302
-0.0055055916
-0.005034656
-0.010173162
0.015840994
-0.0061480887
0.021891724
0.05366431
-0.0015983158
-0.013968949
0.011539503
0.013272219
-0.0053530675
-0.024164546
-0.030877339
0.010348935
-0.019044513
0.010156365
-0.026274672
0.083075605
-0.0060395035
0.0087034125
0.010367559
-0.010389742
-0.004070901
0.010213162
-0.00502778
0.008746871
0.0010930505
-0.0030735685
0.03134604
0.0073126215
0.0022941967
0.019526541
-0.026630027
0.00879473
-0.041145172
0.0055948542
-0.017911283
-0.025143793
-0.00080530735
0.026746077
0.028640669
-0.02104912
0.0073090275
0.008673491
0.033123102
-0.0055709044
-0.014371636
-0.011053411
0.009572859
-0.016733494
-0.033547588
0.0067243506
-0.0008465404
-0.0020004886
-0.034820326
0.0040737465
-0.01070935
-0.01896728
-0.021933172
0.00097255176
0.015774895
-0.006334479
0.030230459
0.027966091
-0.030004682
-0.011666582
-0.05314712
-0.011141771
-0.025268663
-0.0035537633
-0.023664942
0.027280917
0.018566573
0.013473068
-0.010085776
0.015556951
-0.0023367386
-0.019601783
-0.01499976
-0.036102965
-0.03234937
0.0016848565
-0.013229912
0.002130663
-0.006446469
-0.0047397735
0.011281163
-2.8876984e-05
-0.013928947
0.009537629
-0.03715956
-0.025879653
0.0020260417
0.0035176445
-0.023587732
0.00873676
0.028664224
-0.008276947
0.006447759
0.027442945
0.0057742945
-0.016354566
0.019401833
0.027655115
-0.018313823
0.020677445
0.009981532
-0.02917374
-0.008181624
-0.0030115023
0.015178224
0.010986177
0.00589008
-0.012594171
-0.03167251
0.0013982963
-0.004965313
-0.01507598
-0.023055634
-0.0008774704
-0.0216906
-0.046689425
0.0027962555
0.017715828
-0.011020485
0.013863588
0.0121915275
-0.015632952
-0.01842678
-0.013671405
0.03271457
0.025656093
-0.017682074
0.03980017
0.043926314
-0.0025835624
0.0218016
-0.0020786836
0.013996811
0.023307744
0.018032042
0.0009805247
-0.037708893
-0.007937437
-0.0057070726
0.0033735284
-0.014733694
-0.013019963
0.031496078
0.0041316007
-0.018345539
-0.022164848
-0.007555736
0.01065065
0.011250486
0.0091292905
-0.006190518
0.0049240817
-0.03834292
-0.027846377
-0.0035162421
0.019741505
-0.004763632
-0.017190522
-0.017808996
0.021182694
0.006502996
0.04497232
-0.010131547
0.009117795
0.040046614
0.018888501
-0.0074113985
0.008036259
0.011631002
-0.017959902
0.00664012
0.026149439
-0.009984531
-0.009364578
-0.017334756
0.04082484
0.026249807
-0.03622945
0.029721113
0.01348195
-0.011687427
-0.0019522775
-0.016439876
-0.018244626
-0.0017219962
-0.0034316534
-0.022621885
0.0119447885
0.018344468
0.014807822
-0.02763465
0.025452103
0.013532357
0.0050770817
-0.04203839
-0.00031998442
0.013786459
-0.0005233016
-0.0019813722
0.023440106
-0.020119198
-0.043381687
0.022498813
0.0077797687
-0.01217783
0.028009765
-0.008761566
-0.059157573
0.016071165
-0.026692932
0.015408516
0.014629678
-0.024802567
-0.05147113
0.020923482
0.009657539
0.02541485
-0.023282504
0.014320705
-0.043613955
0.017812563
0.01434831
0.029952293
0.032957394
0.02965189
0.006813288
0.04880372
0.0030250463
-0.030359479
0.031077921
-0.05028054
-0.0063248174
0.020571595
-0.010404142
0.013821009
-0.03181234
0.014099446
2.679043e-05
-0.0104872845
0.017845856
0.017334944
-0.031975053
-0.01057884
0.004501605
-0.0029542106
0.02367747
-0.009053079
0.013510953
-0.025466314
-0.0031499802
0.01289798
-0.0008117204
-0.006070629
0.04108234
0.012858337
0.0034346748
0.017379615
0.0042347247
-0.013887394
0.022322267
0.00651446
0.0020763327
0.0017996161
0.015114681
-0.02476274
0.014269023
0.0018733566
0.0531505
0.0055808737
0.040902264
0.024518117
0.04077931
-0.0082108285
-0.0038962625
-0.030963968
0.0034968688
-0.020702818
0.0013597066
-0.042644177
-0.0032998512
-0.030006636
-0.0062262183
0.035313368
-0.013681405
0.03360988
-0.03502441
0.0030010138
0.011127132
0.0074359695
0.009661811
-0.028664753
-0.005699283
0.02118268
-0.003277433
-0.018392768
-0.0007890957
0.009072528
-0.007887128
0.008871372
0.011143814
-0.015057171
-0.0036715183
0.01770495
0.023884656
-0.03267419
-0.00928154
0.033518475
0.018276092
-0.033624526
-0.0016301668
-0.0063201203
-0.012880635
-0.04797381
-0.036797527
-0.005049762
0.028871866
0.011125226
-0.03961512
0.03586315
-0.02752973
0.025667796
-0.031223621
-0.022591788
-0.005456377
0.015830709
-0.018152554
0.03637965
-0.008715161
0.013050675
0.0093014585
-0.004724264
-0.005678835
-0.00054205983
-0.012848188
0.019810332
-0.002767638
0.055307683
0.01894921
0.007942276
0.011421478
-0.013570343
-0.0037590098
-0.0020469332
-0.0050577335
-0.0053731357
0.015595533
-0.041070096
-0.04816838
-0.027006516
0.0079831155
-0.009922525
0.04918144
-0.026785884
0.007833721
0.014915828
-0.0081633525
-0.008966853
-0.035768963
-0.037181057
0.020932542
-0.011098114
0.0044404543
-0.0241733
-0.051579602
-0.010011342
0.0061523924
-0.025866723
-0.03939521
0.019061087
0.012942951
0.0060678967
0.008406988
-0.015644297
0.005060356
0.013081079
0.020149007
-0.031815253
0.0021545815
0.010158355
-0.0008906168
0.0040436843
0.008986048
-0.013963522
0.010988911
-0.007808571
-0.0025481284
-0.01838933
0.038953323
-0.017612986
-0.009384498
0.0021332328
-0.03148572
0.031529173
-0.004566741
-0.019711843
0.055236503
0.022432273
0.015964834
0.010900929
0.017677194
0.01178949
0.0073750345
-0.05227128
0.00581437
-0.0019263624
-0.0116578005
0.029857393
0.00095570163
-0.00072611676
-0.005491897
-0.0009962444
